# cd /Users/tck/Desktop/c_orig ; ./run.sh
Rectangle 128x128 with block 32x32
Splits = 1
- GPU:      0.002     0.002     0.002     0.002     0.002     0.002     0.002     0.002     0.002     0.002     0.002     0.002     0.002     0.002     0.002     0.002     0.002     0.002     0.002     0.002
- CPU:      0.000     0.000     0.000     0.000     0.000     0.000     0.000     0.000     0.000     0.000     0.000     0.000     0.000     0.000     0.000     0.000     0.000     0.000     0.000     0.000
Triangle 128x128 with block 32x32
Splits = 1
- GPU:      0.011     0.011     0.011     0.011     0.011     0.011     0.011     0.011     0.011     0.011     0.011     0.011     0.011     0.009     0.007     0.007     0.007     0.007     0.007     0.007
- CPU:      0.001     0.001     0.001     0.001     0.001     0.001     0.001     0.001     0.001     0.001     0.001     0.001     0.001     0.001     0.001     0.001     0.001     0.001     0.001     0.001
Rectangle 256x256 with block 32x32
Splits = 1
- GPU:      0.004     0.004     0.004     0.004     0.004     0.004     0.004     0.004     0.004     0.004     0.004     0.004     0.004     0.004     0.004     0.004     0.004     0.004     0.004     0.004
- CPU:      0.000     0.000     0.000     0.000     0.000     0.000     0.000     0.000     0.000     0.000     0.000     0.000     0.000     0.000     0.000     0.000     0.000     0.000     0.000     0.000
Triangle 256x256 with block 32x32
Splits = 1
- GPU:      0.021     0.021     0.021     0.021     0.020     0.020     0.020     0.020     0.020     0.020     0.020     0.020     0.020     0.020     0.019     0.019     0.019     0.019     0.019     0.018
- CPU:      0.008     0.009     0.008     0.008     0.008     0.008     0.008     0.008     0.008     0.009     0.008     0.008     0.008     0.008     0.008     0.008     0.008     0.008     0.008     0.008
Rectangle 512x512 with block 32x32
Splits = 1
- GPU:      0.004     0.004     0.004     0.004     0.004     0.004     0.004     0.004     0.004     0.004     0.004     0.004     0.004     0.004     0.004     0.004     0.004     0.004     0.004     0.004
- CPU:      0.002     0.002     0.002     0.002     0.002     0.002     0.002     0.002     0.002     0.002     0.002     0.002     0.002     0.002     0.002     0.002     0.002     0.002     0.002     0.002
Triangle 512x512 with block 32x32
Splits = 1
- GPU:      0.081     0.079     0.077     0.076     0.074     0.074     0.075     0.074     0.074     0.074     0.074     0.075     0.074     0.074     0.075     0.074     0.074     0.074     0.074     0.074
- CPU:      0.078     0.077     0.078     0.078     0.078     0.078     0.078     0.078     0.079     0.078     0.078     0.078     0.078     0.079     0.078     0.078     0.078     0.078     0.078     0.079
Rectangle 1024x1024 with block 32x32
Splits = 1
- GPU:      0.007     0.007     0.007     0.007     0.007     0.007     0.007     0.007     0.007     0.007     0.007     0.007     0.007     0.007     0.007     0.007     0.007     0.007     0.007     0.007
- CPU:      0.009     0.008     0.008     0.009     0.009     0.008     0.009     0.009     0.009     0.009     0.009     0.008     0.009     0.009     0.009     0.008     0.009     0.008     0.009     0.008
Triangle 1024x1024 with block 32x32
Splits = 1
- GPU:      0.315     0.315     0.315     0.315     0.315     0.315     0.315     0.315     0.315     0.316     0.315     0.315     0.315     0.315     0.315     0.316     0.314     0.315     0.315     0.315
- CPU:      1.170     1.175     1.179     1.176     1.178     1.172     1.201     1.197     1.191     1.180     1.179     1.186     1.191     1.188     1.192     1.165     1.166     1.170     1.170     1.176
Rectangle 2048x2048 with block 32x32
Splits = 8
- GPU:      0.026     0.026     0.026     0.026     0.025     0.025     0.025     0.025     0.024     0.024     0.024     0.024     0.023     0.023     0.023     0.023     0.023     0.023     0.023     0.023
- CPU:      0.042     0.042     0.043     0.042     0.043     0.042     0.042     0.042     0.042     0.042     0.042     0.042     0.042     0.042     0.042     0.042     0.042     0.042     0.043     0.042
Triangle 2048x2048 with block 32x32
Splits = 8
- GPU:      1.651     1.654     1.652     1.650     1.652     1.649     1.652     1.651     1.652     1.650     1.651     1.651     1.652     1.650     1.650     1.651     1.653     1.652     1.650     1.652
- CPU:     19.796    19.803    19.730    19.715    19.819    19.757    20.376    20.626    20.154    19.826    19.830    19.851    19.841    19.876    19.788    19.747    19.842    19.800    19.745    19.803
Rectangle 4096x4096 with block 32x32
Splits = 64
- GPU:      0.080     0.078     0.076     0.074     0.073     0.071     0.070     0.070     0.070     0.070     0.070     0.070     0.070     0.070     0.070     0.070     0.070     0.070     0.070     0.070
- CPU:      0.172     0.171     0.172     0.171     0.171     0.172     0.171     0.171     0.171     0.171     0.171     0.171     0.171     0.171     0.171     0.170     0.171     0.171     0.171     0.171
Triangle 4096x4096 with block 32x32
Splits = 64
- GPU:     10.357    10.364    10.360    10.361^C
#
-----------------------------

Rectangle 4096x4096 with block 32x32
Splits = 64
- GPU:      0.145     0.097     0.094     0.092     0.089     0.086     0.083
- CPU:      0.173     0.171     0.172
Triangle 4096x4096 with block 32x32
Splits = 64
- GPU:     10.341    10.354    10.350    10.354    10.349    10.348    10.351
- CPU:    207.526   201.757   206.556
Rectangle 8192x8192 with block 32x32
Splits = 512
- GPU:      0.336     0.308     0.283     0.270     0.270     0.270     0.270
- CPU:      0.701     0.703     0.701
Triangle 8192x8192 with block 32x32
Splits = 512
- GPU:     72.384    72.378    72.371    72.381    72.376    72.364    72.375
- CPU:   2044.768  1994.883  2010.485

-----------------------------

Rectangle 8192x8192 with block 32x32
Splits = 512
- GPU:      0.270     0.270     0.270     0.270     0.270     0.270     0.270     0.270     0.270     0.270     0.270     0.270     0.270     0.270     0.270     0.270     0.270     0.270     0.270     0.270
- CPU:      0.701     0.702     0.703     0.702     0.705     0.704     0.715     0.704     0.711     0.711     0.708     0.707     0.706     0.705     0.706     0.706     0.707     0.707     0.706     0.705
