% CUDA 100x Zuker(80) with GAPS_DISABLED, running time of 1 kernel, in seconds
% Note: 100x MatMult(512) results in 100x 0.127 sec
0.109
0.114
0.118
0.119
0.120
0.122
0.122
0.123
0.125
0.129
0.131
0.135
0.135
0.136
0.137
0.137
0.138
0.139
0.141
0.141
0.145
0.145
0.146
0.148
0.151
0.154
0.156
0.157
0.159
0.162
0.163
0.164
0.165
0.165
0.166
0.168
0.172
0.172
0.172
0.173
0.173
0.176
0.177
0.179
0.179
0.180
0.180
0.181
0.183
0.183
0.184
0.185
0.186
0.187
0.187
0.188
0.190
0.190
0.191
0.193
0.195
0.196
0.201
0.204
0.205
0.205
0.205
0.206
0.207
0.208
0.209
0.212
0.212
0.213
0.214
0.214
0.215
0.221
0.221
0.222
0.223
0.225
0.225
0.226
0.227
0.228
0.228
0.233
0.236
0.237
0.237
0.241
0.245
0.248
0.249
0.249
0.251
0.251
0.255
0.267
