[info] ---- Size = 128 ----------------
sprintf('%.3f',median([ 0.159 0.167 0.156 0.145 0.098 0.101 0.099 0.098 0.098 0.098 0.098 0.098 0.098 0.098 0.097 0.098 0.097 0.098 0.098 0.100 ]))
[info] ---- Size = 256 ----------------
sprintf('%.3f',median([ 0.390 0.368 0.369 0.367 0.391 0.364 0.365 0.366 0.362 0.371 0.362 0.364 0.363 0.363 0.367 0.356 0.358 0.355 0.370 0.357 ]))
[info] ---- Size = 512 ----------------
sprintf('%.3f',median([ 1.578 1.592 1.462 1.412 1.420 1.452 1.404 1.419 1.445 1.405 1.417 1.446 1.421 1.416 1.438 1.409 1.418 1.434 1.463 1.405 ]))
[info] ---- Size = 1024 ----------------
sprintf('%.3f',median([ 6.239 6.487 6.489 6.540 6.553 6.514 6.511 6.090 6.652 6.715 6.667 6.557 6.563 6.163 6.711 6.501 6.643 6.584 6.507 6.131 ]))
[info] ---- Size = 2048 ----------------
sprintf('%.3f',median([ 26.858 26.511 26.404 26.773 27.434 26.815 26.538 26.605 26.358 26.880 27.668 26.784 26.734 26.328 27.635 27.320 26.740 27.123 26.812 27.008 ]))
[info] ---- Size = 4096 ----------------
sprintf('%.3f',median([ 105.816 114.856 114.611 113.108 114.377 ]))

0.098
0.364
1.421
6.527
26.798
114.377
