Hand-optimized version
- Smith-Waterman modified to support 3 matrices (to be comparable with CUDAlign)
===========================

Triangle 128x128 with block 32x32
- GPU[0.011]:  0.011 0.011 0.011 0.011 0.011 0.011 0.011 0.011 0.011 0.011 0.011 0.011 0.011 0.009 0.007 0.007 0.007 0.007 0.007 0.007
- CPU[0.001]:  0.001 0.001 0.001 0.001 0.001 0.001 0.001 0.001 0.001 0.001 0.001 0.001 0.001 0.001 0.001 0.001 0.001 0.001 0.001 0.001
Triangle 256x256 with block 32x32
- GPU[0.020]:  0.021 0.021 0.021 0.021 0.020 0.020 0.020 0.020 0.020 0.020 0.020 0.020 0.020 0.020 0.019 0.019 0.019 0.019 0.019 0.018
- CPU[0.008]:  0.008 0.009 0.008 0.008 0.008 0.008 0.008 0.008 0.008 0.009 0.008 0.008 0.008 0.008 0.008 0.008 0.008 0.008 0.008 0.008
Triangle 512x512 with block 32x32
- GPU[0.074]:  0.081 0.079 0.077 0.076 0.074 0.074 0.075 0.074 0.074 0.074 0.074 0.075 0.074 0.074 0.075 0.074 0.074 0.074 0.074 0.074
- CPU[0.078]:  0.078 0.077 0.078 0.078 0.078 0.078 0.078 0.078 0.079 0.078 0.078 0.078 0.078 0.079 0.078 0.078 0.078 0.078 0.078 0.079
Triangle 1024x1024 with block 32x32
- GPU[0.315]:  0.315 0.315 0.315 0.315 0.315 0.315 0.315 0.315 0.315 0.316 0.315 0.315 0.315 0.315 0.315 0.316 0.314 0.315 0.315 0.315
- CPU[1.179]:  1.170 1.175 1.179 1.176 1.178 1.172 1.201 1.197 1.191 1.180 1.179 1.186 1.191 1.188 1.192 1.165 1.166 1.170 1.170 1.176
Triangle 2048x2048 with block 32x32 (8 splits)
- GPU[1.651]:  1.651 1.654 1.652 1.650 1.652 1.649 1.652 1.651 1.652 1.650 1.651 1.651 1.652 1.650 1.650 1.651 1.653 1.652 1.650 1.652
- CPU[19.811]: 19.796 19.803 19.730 19.715 19.819 19.757 20.376 20.626 20.154 19.826 19.830 19.851 19.841 19.876 19.788 19.747 19.842 19.800 19.745 19.803
Triangle 4096x4096 with block 32x32 (64 splits)
- GPU[10.354]: 10.341 10.354 10.350 10.354 10.349 10.348 10.351 10.357 10.364 10.360 10.361
- CPU[206.556]: 207.526   201.757   206.556
Triangle 8192x8192 with block 32x32 (512 splits)
- GPU[72.376]: 72.384 72.378 72.371 72.381 72.376 72.364 72.375
- CPU[2010.485]:   2044.768  1994.883  2010.485

Rectangle 128x128 with block 32x32
- GPU[0.002]:  0.002 0.002 0.002 0.002 0.002 0.002 0.002 0.002 0.002 0.002 0.002 0.002 0.002 0.002 0.002 0.002 0.002 0.002 0.002 0.002
- CPU[0.000]:  0.000 0.000 0.000 0.000 0.000 0.000 0.000 0.000 0.000 0.000 0.000 0.000 0.000 0.000 0.000 0.000 0.000 0.000 0.000 0.000
Rectangle 256x256 with block 32x32
- GPU[0.004]:  0.004 0.004 0.004 0.004 0.004 0.004 0.004 0.004 0.004 0.004 0.004 0.004 0.004 0.004 0.004 0.004 0.004 0.004 0.004 0.004
- CPU[0.000]:  0.000 0.000 0.000 0.000 0.000 0.000 0.000 0.000 0.000 0.000 0.000 0.000 0.000 0.000 0.000 0.000 0.000 0.000 0.000 0.000
Rectangle 512x512 with block 32x32
- GPU[0.004]:  0.004 0.004 0.004 0.004 0.004 0.004 0.004 0.004 0.004 0.004 0.004 0.004 0.004 0.004 0.004 0.004 0.004 0.004 0.004 0.004
- CPU[0.002]:  0.002 0.002 0.002 0.002 0.002 0.002 0.002 0.002 0.002 0.002 0.002 0.002 0.002 0.002 0.002 0.002 0.002 0.002 0.002 0.002
Rectangle 1024x1024 with block 32x32
- GPU[0.007]:  0.007 0.007 0.007 0.007 0.007 0.007 0.007 0.007 0.007 0.007 0.007 0.007 0.007 0.007 0.007 0.007 0.007 0.007 0.007 0.007
- CPU[0.009]:  0.009 0.008 0.008 0.009 0.009 0.008 0.009 0.009 0.009 0.009 0.009 0.008 0.009 0.009 0.009 0.008 0.009 0.008 0.009 0.008
Rectangle 2048x2048 with block 32x32 (8 splits)
- GPU[0.024]:  0.026 0.026 0.026 0.026 0.025 0.025 0.025 0.025 0.024 0.024 0.024 0.024 0.023 0.023 0.023 0.023 0.023 0.023 0.023 0.023
- CPU[0.042]:  0.042 0.042 0.043 0.042 0.043 0.042 0.042 0.042 0.042 0.042 0.042 0.042 0.042 0.042 0.042 0.042 0.042 0.042 0.043 0.042
Rectangle 4096x4096 with block 32x32 (64 splits)
- GPU[0.070]:  0.080 0.078 0.076 0.074 0.073 0.071 0.070 0.070 0.070 0.070 0.070 0.070 0.070 0.070 0.070 0.070 0.070 0.070 0.070 0.070
- CPU[0.171]:  0.172 0.171 0.172 0.171 0.171 0.172 0.171 0.171 0.171 0.171 0.171 0.171 0.171 0.171 0.171 0.170 0.171 0.171 0.171 0.171
Rectangle 8192x8192 with block 32x32 (512 splits)
- GPU[0.270]:  0.270 0.270 0.270 0.270 0.270 0.270 0.270 0.270 0.270 0.270 0.270 0.270 0.270 0.270 0.270 0.270 0.270 0.270 0.270 0.270
- CPU[0.706]:  0.701 0.702 0.703 0.702 0.705 0.704 0.715 0.704 0.711 0.711 0.708 0.707 0.706 0.705 0.706 0.706 0.707 0.707 0.706 0.705
