

GAPC_mm
==============================
GAPC_mm[128]: sprintf('%.3f',median([  0.015 0.014 0.012 0.012 0.011 0.012 0.012 0.012 0.012 0.012 0.014 0.011 0.011 0.011 0.011 0.012 0.012 0.012 0.012 0.012 ]))
GAPC_mm[256]: sprintf('%.3f',median([  0.050 0.050 0.050 0.050 0.050 0.051 0.050 0.050 0.049 0.050 0.049 0.050 0.048 0.048 0.049 0.050 0.049 0.049 0.050 0.049 ]))
GAPC_mm[512]: sprintf('%.3f',median([  0.347 0.346 0.348 0.349 0.353 0.347 0.349 0.349 0.344 0.348 0.346 0.346 0.348 0.346 0.346 0.349 0.348 0.349 0.344 0.348 ]))
GAPC_mm[1024]: sprintf('%.3f',median([  2.776 2.779 2.837 2.865 2.837 2.817 2.804 2.831 2.789 2.828 2.807 2.780 2.872 2.891 2.811 2.822 2.823 2.841 2.858 2.805 ]))
GAPC_mm[2048]: sprintf('%.3f',median([  25.420 25.413 25.049 24.935 24.922 25.188 25.454 25.315 25.075 25.156 25.171 25.152 25.083 25.196 25.381 25.053 25.231 24.976 25.014 25.172 ]))
GAPC_mm[4096]: sprintf('%.3f',median([  229.288 225.730 226.371 224.410 224.556 224.494 223.279 223.175 224.866 224.401 224.852 226.221 ]))
0.012 & 0.050 & 0.348 & 2.822 & 25.163 & 224.704
